IPK,Jumlah_Absensi,Waktu_Belajar_Jam,Lulus,Rasio_Absensi,IPK_x_Study
3.8,3,10,1,0.21428571428571427,38.0
2.5,8,5,0,0.5714285714285714,12.5
3.4,4,7,1,0.2857142857142857,23.8
2.1,12,2,0,0.8571428571428571,4.2
3.9,2,12,1,0.14285714285714285,46.8
2.8,6,4,0,0.42857142857142855,11.2
3.2,5,8,1,0.35714285714285715,25.6
2.7,7,3,0,0.5,8.100000000000001
3.6,4,9,1,0.2857142857142857,32.4
2.3,9,4,0,0.6428571428571429,9.2
3.5,3,9,1,0.21428571428571427,31.5
2.6,7,4,0,0.5,10.4
3.7,4,10,1,0.2857142857142857,37.0
2.2,11,3,0,0.7857142857142857,6.6000000000000005
3.9,2,11,1,0.14285714285714285,42.9
2.9,6,5,0,0.42857142857142855,14.5
3.3,5,7,1,0.35714285714285715,23.099999999999998
2.4,8,4,0,0.5714285714285714,9.6
3.8,3,12,1,0.21428571428571427,45.599999999999994
2.5,9,3,0,0.6428571428571429,7.5
3.6,4,8,1,0.2857142857142857,28.8
2.7,10,2,0,0.7142857142857143,5.4
3.4,5,9,1,0.35714285714285715,30.599999999999998
2.1,11,4,0,0.7857142857142857,8.4
3.7,3,11,1,0.21428571428571427,40.7
2.8,7,5,0,0.5,14.0
3.2,4,10,1,0.2857142857142857,32.0
2.6,9,3,0,0.6428571428571429,7.800000000000001
3.9,2,13,1,0.14285714285714285,50.699999999999996
2.3,10,2,0,0.7142857142857143,4.6
3.5,4,8,1,0.2857142857142857,28.0
2.4,9,4,0,0.6428571428571429,9.6
3.6,3,9,1,0.21428571428571427,32.4
2.7,8,3,0,0.5714285714285714,8.100000000000001
3.8,4,11,1,0.2857142857142857,41.8
2.2,12,2,0,0.8571428571428571,4.4
3.9,3,12,1,0.21428571428571427,46.8
2.9,7,4,0,0.5,11.6
3.4,5,8,1,0.35714285714285715,27.2
2.5,10,3,0,0.7142857142857143,7.5
2.6,8,2,0,0.5714285714285714,5.2
2.1,11,3,0,0.7857142857142857,6.300000000000001
3.5,4,9,1,0.2857142857142857,31.5
2.8,9,2,0,0.6428571428571429,5.6
2.3,10,3,0,0.7142857142857143,6.8999999999999995
3.6,4,10,1,0.2857142857142857,36.0
3.8,4,12,1,0.2857142857142857,45.599999999999994
3.9,3,13,1,0.21428571428571427,50.699999999999996
2.9,7,3,0,0.5,8.7
2.5,10,2,0,0.7142857142857143,5.0
3.6,4,11,1,0.2857142857142857,39.6
2.6,8,4,0,0.5714285714285714,10.4
3.8,3,13,1,0.21428571428571427,49.4
2.1,11,2,0,0.7857142857142857,4.2
3.7,4,12,1,0.2857142857142857,44.400000000000006
2.8,9,3,0,0.6428571428571429,8.399999999999999
3.9,2,14,1,0.14285714285714285,54.6
2.3,10,4,0,0.7142857142857143,9.2
3.5,5,10,1,0.35714285714285715,35.0
2.4,9,3,0,0.6428571428571429,7.199999999999999
3.6,3,11,1,0.21428571428571427,39.6
2.7,8,4,0,0.5714285714285714,10.8
3.8,4,13,1,0.2857142857142857,49.4
2.2,12,3,0,0.8571428571428571,6.6000000000000005
3.9,3,14,1,0.21428571428571427,54.6
2.9,7,2,0,0.5,5.8
3.4,5,10,1,0.35714285714285715,34.0
2.5,10,4,0,0.7142857142857143,10.0
3.7,4,11,1,0.2857142857142857,40.7
3.5,4,10,1,0.2857142857142857,35.0
2.8,8,3,0,0.5714285714285714,8.399999999999999
3.6,5,11,1,0.35714285714285715,39.6
3.7,3,12,1,0.21428571428571427,44.400000000000006
2.2,11,2,0,0.7857142857142857,4.4
3.5,5,11,1,0.35714285714285715,38.5
3.6,3,10,1,0.21428571428571427,36.0
2.7,8,2,0,0.5714285714285714,5.4
